100
2 83 34 38 22 75 17 25 18 54 35 5 23 19 69 14 1 179 21 28 10 3 6 214 13 9 7 44 50 39 49 27 20 15 37 11 62 30 8
8 9 5 16 50 19 240 29 53 17 24 57 44 45 65 54 23 8 63 38 178 546 18 286 83 60 34 151 41 118 126 31 92 21 135 97 84 71 72 179 815 52 199 37 2148 1495
22 28 37 75 15 13 5 44 14 16 7 23 22 10 3 161 49 29 31 69 32 39 25 1 62 57 27 105 124 133 4 21 50 9 65 139 224 355 1310 1290
27 44 34 20 47 29 8 60 19 45 9 0 11 17 16 70 5 7 46 22 77 53 97 50 2 122 33 43 24 112 57 65 12 119 69 23 30 63 121
67 21 32 1 65 10 17 38 34 39 66 29 20 5 118 16 8 28 27 50 68 62 18 9 60 7 31 160 86 131 23 79 105 57 75 69 139 19 126 2264 1290
73 20 69 137 12 74 29 71 250 7 57 17 31 65 41 0 127 149 15 11 3 5 34 50 8 218 161 19 27 103 36 6 14 54 163 9 1484 16 92 72 28 197 1495 686
89 27 41 127 21 75 33 178 66 48 111 87 161 72 15 726 77 39 64 205 218 5 37 230 10 23 51 17 93 103 26 5350 485 1495
58 0 12 1 89 14 55 128 49 175 95 29 381 32 42 294 5 196 78 18 460 57 244 24 264 56 168 33 30 35 121 289 138 6604 2955 1290 1263
80 11 81 55 10 75 45 34 3 287 18 137 69 30 97 49 82 136 117 101 7 181 65 50 39 214 54 111 53 131 197 14 9 35 1572 797 3975 176 708
15 92 8 19 33 147 29 1 54 68 2 22 72 63 34 53 27 17 84 25 24 21 4 60 45 69 20 67 83 6 37 90 182 44 16 77 30 120 138 554 1263 1290
33 13 91 32 20 28 9 22 73 31 50 4 46 10 21 102 33 48 49 88 24 131 44 174 169 5 47 64 180 80 204 120 482 708
95 129 66 21 1 200 68 3 38 131 7 62 39 47 17 1863 34 144 519 28 82 160 20 105 10 8 76 103 60 50 29 120 138 2848
37 50 26 246 1 45 58 6 154 9 24 12 100 49 44 129 60 88 38 107 82 35 36 54 71 42 114 62 4 102 20 28 48 32 90 7 131 121
53 12 24 1866 6 70 246 38 74 14 18 0 1 15 121 2 20 62 71 30 21 82 55 40 45 33 11 8 9 110 3 54 216 47 26 32 57 2060
55 38 12 3 0 15 28 18 14 55 45 24 6 70 65 44 43 460 42 117 10 161 19 35 17 67 1 29 189 9 33 8 121 264 88 57 103 2 138 5921 1502
61 53 44 18 50 11 38 121 63 213 9 422 25 43 1 54 45 34 8 69 5 97 35 75 135 118 26 179 83 14 30 48 215 444 10 131 152 797 3975 1263
72 24 0 70 14 216 12 8 22 21 121 38 6 62 30 114 15 11 2 43 138 20 798 18 23 158 46 42 213 10 91 72 246 40 76 243 41 9 356 65
82 42 36 121 44 26 22 62 12 55 18 38 24 14 0 128 6 21 27 110 41 131 82 120 565 4 37 56 65 15 52 247 13 54 53 150 50 78 163 138 252 199 968
86 24 21 15 100 26 37 38 8 75 0 13 178 4 2 50 3 1 80 10 60 5 230 57 277 20 48 22 27 12 44 6 9 117 245 17 199 69 1263
97 9 38 1 178 2 45 8 53 5 92 26 4 13 29 24 90 559 277 100 52 131 20 22 216 19 43 46 12 16 21 37 59 33 69 1263 1737
20 43 27 48 49 491 0 148 45 232 75 14 32 41 6 26 33 39 59 18 24 57 119 13 159 50 20 1052 60 210 25 709 1290
26 39 30 1 2 51 12 20 62 47 66 60 21 70 6 15 7 68 27 33 46 24 139 105 4 71 3 59 55 11 8 22 138 1290 554 2591
36 406 107 105 163 33 1 1080 2 6 119 27 280 39 49 48 46 68 161 84 13 15 25 94 30 31 99 50 24 7 199 1290 554 2591
64 6 30 11 15 46 14 60 327 114 332 33 43 26 22 12 2 246 21 20 24 23 465 296 3317 41 0 54 399 91 55 13 72 62 27 356 57 8 1434 126 236
93 107 33 1 46 2 12 25 50 39 6 49 48 406 30 71 119 131 87 99 26 15 4 187 47 1152 126 276 32 19 152 27 8 138 1290 554 2591
3 68 37 165 18 20 147 121 161 22 13 77 50 141 8 179 447 768 715 257 75 71 42 99 7 26 142 906 92 57 0 253 1334 1958
31 28 22 105 0 1 18 68 29 67 3 38 13 65 102 75 70 37 83 27 96 20 82 9 77 6 117 173 12 44 399 33 7 2360 45 19 199 554 138
68 10 37 62 41 22 76 21 0 6 42 14 13 324 43 27 26 248 17 15 47 30 170 194 108 121 55 44 9 509 20 34 46 117 8 243 138 176 1502 7055
77 8733 68 433 4 4138 5350 3 161 1130 1593 651 2657 75 173 197 134 499 2517 1 168 273 222 447 635 1407 1071 8466 6745 2378 3603 658 554
84 1 51 86 20 27 33 7 42 0 62 26 85 129 49 114 124 28 39 32 30 53 54 136 127 83 102 4 45 14 6 363 65 1737 2264
21 25 12 107 99 33 39 20 7 6 15 119 8 53 1 4 32 47 87 109 27 2 48 19 50 26 55 23 103 18 84 0 325 138 176
24 104 34 23 39 27 4 37 91 20 21 1 75 105 67 11 51 50 10 28 128 17 0 33 31 22 24 13 236 5276 2264 138
39 322 48 51 12 34 25 251 13 23 9 335 42 337 207 60 20 4 506 143 3 27 118 213 1251 701 189 608 2128 632 204 355 1671
45 6 10 55 17 13 15 67 14 0 23 91 2 42 9 33 309 156 105 3 18 121 62 7 29 22 47 24 1 44 171 43 27 30 37 138 6729
50 76 51 83 102 46 0 34 20 19 4 33 26 133 41 77 50 60 322 70 114 137 233 53 58 44 17 140 27 54 22 82 228 7 35 28 968 1737 3097
56 12 21 34 44 24 22 36 38 1 39 223 154 112 35 20 18 121 64 50 6 56 181 13 90 15 45 58 40 89 83 17 23 948 1315 3756 2264 3244
99 1 3 39 29 38 7 70 62 4 168 68 12 17 32 66 51 20 60 15 30 5 45 50 10 75 28 113 79 67 19 138 3110
1 23 22 159 21 41 62 24 15 17 110 60 33 10 93 13 55 6 8 18 5 46 51 25 54 19 91 237 30 0 74 38 11 505 9 138 37 27 3198 1290
11 8 11 39 41 10 22 38 64 75 3 37 21 43 55 30 33 34 46 50 83 51 18 114 0 248 2 111 23 14 9 69 138
43 8 72 23 12 30 20 0 15 6 14 70 21 62 33 22 11 17 76 124 2 10 24 41 43 60 66 47 158 309 54 82 399 51 37 55 6126 74 138 2848 4247
76 47 61 20 31 22 10 64 39 34 24 185 16 51 79 73 4 32 48 244 2 26 128 100 50 23 13 38 28 155 869 2060
0 110 25 23 34 22 27 51 97 10 4 31 93 288 49 756 425 1137 422 18 19 91 33 60 92 1 293 331 37 32 5 61 62 197 709 176 138 120 155
32 34 55 49 3 22 10 25 83 18 5 35 1 97 33 38 19 23 15 31 17 179 6 63 45 9 67 81 117 21 2 91 121 96 8 268 176 3975 5921
87 179 25 18 27 20 92 62 71 8 19 50 6 31 51 1 12 108 22 257 99 81 13 68 33 130 5 105 7 2 121 120 138
92 20 37 13 26 22 6 179 57 248 19 8 42 169 27 38 68 18 92 29 100 147 205 50 194 25 16 34 108 49 121 316 69 62 176 253 3097 1737
6 20 18 22 19 83 72 75 27 0 38 7 50 105 28 13 137 24 37 1 145 44 58 6 34 67 121 5 14 179 112 25 40 86 172 46 17 8 69 3756 7624
12 39 34 12 25 22 105 20 27 213 1 14 40 10 121 26 163 13 21 67 38 31 55 83 9 128 42 50 88 62 19 37 632 554 3756 2264
47 32 129 1 39 5 47 28 17 4 174 21 131 10 57 139 65 20 15 50 33 59 38 7 18 25 12 71 6 109 229 2 8 27 2264
54 41 19 180 44 37 27 17 53 14 6 16 62 29 115 4 34 76 22 28 82 110 109 88 0 15 61 83 43 75 18 32 84 8 31 21 54 72 158 331 121 63 69
7 25 1 107 12 28 32 4 15 49 33 46 39 31 37 7 10 250 2 90 36 50 44 131 56 26 30 89 48 47 102 184 155
13 129 107 25 567 49 33 28 1271 18 77 53 6 12 26 109 4 32 0 50 40 1156 1042 93 46 131 1948 138 1482 7242
23 46 34 17 13 23 67 37 4 33 93 95 10 55 26 32 21 122 86 15 81 6 50 0 49 47 139 53 58 78 19 9 138 3244
57 34 53 49 118 39 5 131 1 3 37 82 4 30 25 44 55 38 59 10 111 7 8 28 21 11 32 50 26 46 17 18 69 197 114 3975 138 968
66 77 32 6 49 37 4 65 58 126 46 20 95 26 101 28 18 33 292 131 47 0 1424 128 138 15 67 1 947 129 158 107 252 1951 1671
78 17 67 25 21 24 83 53 4 46 1 33 13 145 23 6 18 34 22 40 58 7 172 37 95 19 87 47 12 26 28 20 38 30 138 5276 3756
19 32 28 298 35 131 1 20 13 250 91 5 236 22 12 188 21 31 88 104 3797 86 23 47 56 105 826 98 69 871 19 49 14 17 61 253 62 139 5990 2264
5 97 24 23 60 10 17 93 45 96 3 62 7 61 30 9 8 44 76 19 94 240 67 21 54 4 135 65 55 14 168 20 34 22 1 18 149 199 15 27 117 69 138 155 1310
40 53 29 19 38 68 8 248 24 210 37 20 4 43 2 13 100 265 21 83 1027 76 160 45 60 143 1 3 15 90 49 78 178
98 51 3 20 229 55 46 2 104 77 42 17 41 66 120 76 37 63 19 4 641 12 114 52 110 139 121 22 153 106 10 8 179 341 269 21 28 7 3097 1671 2591
29 44 6 56 57 35 17 32 139 360 270 19 74 9 89 131 329 90 34 490 45 28 281 156 49 29 13 54 109 33 59 14 37 153 46
71 68 37 28 83 22 8 77 0 46 105 75 92 546 71 20 7 147 57 44 27 715 67 4 13 182 6 19 26 36 41 121 29 33 74 268 72 69 2591
96 8 17 7 67 53 33 34 41 30 72 44 131 32 22 68 2 143 19 82 4 83 6 13 249 31 37 29 127 54 0 16 11 1 69 21 138 404 2818 1502 7055
59 167 323 769 75 1011 111 203 725 8601 6408 93 3843 6238 225 2187 1429 64 1728 1264 1566 216 2295 2479 902 127 189 2980 37 762 1412 58 585 933 8 494 2060 5333
83 39 3 50 34 1 55 10 179 69 8 5 21 38 49 97 63 25 30 68 76 7 4 59 11 103 70 105 84 111 51 3975 1671
88 92 33 147 25 2 27 1 19 15 90 161 4 51 54 24 72 1027 30 22 113 160 95 83 42 63 173 3 60 772 190 250 209 510 869 3244
9 55 1 99 83 67 49 15 2 95 7 91 21 163 40 9 23 13 24 31 17 14 19 56 232 105 3 33 43 78 58 69 84 37 65 120 138 6729
48 55 12 7 14 51 24 168 35 300 164 148 70 218 33 0 18 42 38 32 20 59 163 2 53 30 39 119 67 58 545 29 27 227 15 23 103 138 3684 6604
63 255 18 75 147 20 715 475 68 37 86 22 28 401 26 0 83 399 99 67 1054 8 92 7 46 27 105 257 42 106 50 3349 210 121 1334 1958
90 28 14 27 0 19 23 83 88 86 32 43 25 33 331 96 140 3 34 218 49 20 17 29 60 38 2 75 51 37 42 184 7 36 90 137 63 138 155
79 87 238 60 3 13 64 44 119 57 10 1 2 33 6 17 21 28 49 23 24 68 26 47 131 50 73 140 281 62 35 291 15 485 27 138 2848
62 117 26 60 147 45 92 90 20 27 24 248 29 69 100 151 22 527 37 76 245 1 53 19 57 25 43 2 1503 38 13 3 112 277 8 9 869 7624 1263
81 1 22 29 38 67 3 68 161 83 6 24 63 2 15 13 57 18 45 37 55 95 156 33 165 9 19 28 12 42 8 209 117 27 20 167 131 132 121 355 1671 5921
10 13 38 3 72 30 18 34 32 75 93 138 27 20 17 14 131 47 8 160 0 36 39 12 22 83 1 42 86 5 33 7 50 139 3244 2848
30 44 37 27 22 102 150 93 76 625 25 46 56 61 256 128 34 41 26 117 55 612 10 2385 234 14 435 1610 196 36 62 78 121 0 110 275 49 1026 155 2076 2848
46 47 44 150 11 37 103 46 111 102 7 39 119 34 63 20 97 0 27 25 4 1 17 93 3 76 33 323 2 61 112 164 224 8 121 4148 1263
85 7 187 31 3 55 123 101 17 4 9 67 14 217 95 338 33 39 13 114 81 68 1756 938 544 122 69 78 56 139 15 24 26 49 19 176
17 5893 13 23 67 318 178 17 93 86 22 30 418 186 247 665 46 345 510 76 60 49 83 210 21 257 150 1 159 4 7 96 199 285 731 6049
28 44 148 121 55 29 38 14 22 67 264 63 64 0 9 25 18 10 1 2 49 272 37 35 70 114 88 12 19 3 43 42 83 102 28 32 15 120 1917
42 27 62 88 63 205 14 18 20 172 32 16 44 53 76 19 60 123 29 78 42 1 51 119 97 41 121 170 25 935 38 17 75 86 1449 4 49 8 69
65 1 7 39 59 10 47 20 97 34 45 60 16 5 76 3 157 4 129 38 131 183 173 17 62 106 165 30 86 160 110 44 8 155 1954 3975
75 20 68 147 129 57 1 165 7 86 50 62 69 105 1073 60 71 38 27 59 75 257 26 10 8 28 5 170 25 18 98 32 13 2264 3097 3975
25 109 129 2587 23 227 68 5 241 36 425 393 380 18 8 16 69 82 41 0 9 186 147 1199 44 54 38 83 25 249 4724 140 1667 72 105 6 199 342 176 1482 138 2264
74 21 41 26 44 37 14 10 39 25 83 22 9 134 234 264 625 431 169 163 15 73 170 62 582 31 36 105 53 446 8 121 27 6 102 19 61 148 2848 3097 4247
41 53 43 19 137 75 83 49 25 5 121 39 268 82 34 18 8 214 48 14 44 41 50 116 181 15 3 135 69 97 117 63 10 9 38 37 62 145
60 122 3 23 19 44 14 88 21 67 17 68 83 6 29 124 49 37 25 28 13 9 235 39 69 123 15 758 238 60 38 105 7 26 1909 120 138 6729 2848 5985
94 55 18 402 2882 861 29 3458 272 67 209 105 1150 12 148 301 114 225 830 217 161 1865 121 10 1506 309 645 91 1663 63 554 180 975 264 332 900 4364 5921 2402
34 51 19 33 168 42 137 49 1 32 121 0 14 53 77 29 58 391 62 216 26 12 154 45 7 30 57 50 17 95 91 79 28 106 114 155 1737
18 25 20 213 13 39 204 169 202 9 189 34 4 60 192 12 1251 322 701 2128 796 48 118 546 632 7593 3813 245 355 5381 554 138
49 37 229 68 29 3 55 165 0 2 20 76 63 186 17 4 28 32 41 23 44 57 36 212 83 111 259 39 120 128 64 96 13 138 121 1671 2591 3097
69 6 7 28 14 53 54 209 35 44 69 113 16 20 75 111 32 2 83 186 29 80 117 107 38 30 162 39 4 40 1935 68 62 57 394 708 1482 1671
70 69 44 9 55 59 248 19 81 49 26 34 14 121 83 3 39 142 18 82 10 253 37 42 116 176 56 13 38 35 6 54 30 7 84 106 11 15 3975 6729
44 65 20 301 37 26 3 10 256 51 24 133 22 135 30 78 27 77 5 25 122 117 19 0 742 7 1246 60 389 170 67 4089 347 14 214 97 54 120 69 2196 309 1290
52 105 498 143 418 32 397 310 10 244 47 13 68 145 67 50 24 7 21 868 170 8 6 25 30 133 106 51 37 72 38 229 2818 1502 7055
16 170 36 44 73 659 56 102 288 258 848 223 154 1754 418 9 12 948 131 98 64 10 250 143 21 62 82 31 107 78 191 807 121 26 38 49 54 15 63 1315
4 229 68 21 7 106 38 4 10 47 3 514 17 66 32 1 131 39 82 5 105 30 110 2132 1863 62 779 1843 157 1623 170 375 1956 139 1679 2818 1502 7055
91 0 83 663 2477 338 164 644 34 112 228 184 114 39 64 104 139 133 33 281 57 97 4 55 76 3 22 46 445 35 654 374 120 28 443 2591 2513 3244 1671
14 45 24 32 74 1 44 12 89 9 35 3 18 807 64 185 1866 49 58 55 143 224 50 68 78 28 56 38 121 57 154 153 4 102 290 139
38 68 165 37 147 121 18 22 20 8 141 77 768 13 50 257 161 99 906 42 179 253 74 585 1054 4630 2360 447 475 67 92 399 7 120 1334 3097 1671
35 8973 272 419 297 1959 88 118 646 29 6137 108 64 9957 235 3236 1752 7970 259 476 2239 483 1074 1909 5221 6012 344 4164 471 44 28 836 316 23 138
51 9234 8783 213 6 4705 597 788 4606 288 78 966 2410 63 200 508 21 1728 725 1989 2420 4847 383 6237 1224 3586 198 246 70 17 1417 1848 3924 415 3824 122 197 738 519 5501 2818
